1724 1553 14150 11422 3159 1120 519 1421 10859 9972
1553 1724 14150 11422 3159 1120 519 10859 9972 9054
1553 14150 11422 3159 1120 519 10859 9972 9054 6044
1553 1724 14150 11422 3159 1120 519 10859 9972 9054
12511 12508 12246 12521 322 1553 5675 7441 4640 7225
9767 323 4635 1902 11127 1553 4717 4654 5764 12416
10240 404 10262 48 8378 4998 7518 4397 6339 5528
8605 5804 11164 10658 11159 11772 11764 11384 10263 10283
12969 10559 791 11723 5499 1970 7460 12243 855 12796
8020 7234 1477 11744 10883 8475 2923 7490 7961 10736
